ma [GeV] | cx [fb] | N_event | N_error | efficiency
1.800e+00 7.905e-07 4.115e+03 6.415e+01 8.230e-02
2.000e+00 2.621e-07 3.800e+02 1.949e+01 7.600e-03
2.200e+00 2.355e-07 9.340e+02 3.056e+01 1.868e-02
2.400e+00 2.332e-07 1.125e+03 3.354e+01 2.250e-02
2.600e+00 2.301e-07 1.233e+03 3.511e+01 2.466e-02
2.800e+00 2.270e-07 1.194e+03 3.455e+01 2.388e-02
3.000e+00 2.267e-07 1.150e+03 3.390e+01 2.299e-02
3.200e+00 2.243e-07 1.065e+03 3.263e+01 2.130e-02
3.400e+00 2.263e-07 1.008e+03 3.175e+01 2.016e-02
3.560e+00 2.007e-07 9.410e+02 3.068e+01 1.882e-02
5.000e+00 1.099e-07 5.560e+02 2.358e+01 1.112e-02
1.000e+01 1.025e-07 3.830e+02 1.957e+01 7.660e-03
1.500e+01 9.764e-08 3.510e+02 1.873e+01 7.020e-03
2.000e+01 9.069e-08 3.440e+02 1.855e+01 6.880e-03
2.500e+01 8.251e-08 3.520e+02 1.876e+01 7.040e-03
3.000e+01 7.304e-08 3.040e+02 1.744e+01 6.080e-03
3.500e+01 6.253e-08 3.640e+02 1.908e+01 7.280e-03
4.000e+01 5.150e-08 3.130e+02 1.769e+01 6.260e-03
4.500e+01 4.035e-08 4.200e+02 2.049e+01 8.400e-03
5.000e+01 2.943e-08 4.820e+02 2.195e+01 9.640e-03
5.500e+01 1.885e-08 5.480e+02 2.341e+01 1.096e-02
6.000e+01 8.607e-09 6.430e+02 2.536e+01 1.286e-02
6.250e+01 9.098e-11 6.980e+02 2.642e+01 1.396e-02
